      7320: ( 55, 68, 77,255) #37444DFF srgba(55,68,77,1)
   1646097: ( 80, 91,107,255) #505B6BFF srgba(80,91,107,1)
      3393: (108,124,121,255) #6C7C79FF srgba(108,124,121,1)
    146773: (118,135,149,255) #768795FF srgba(118,135,149,1)
      2374: (126,176,197,255) #7EB0C5FF srgba(126,176,197,1)
     49609: (131,189,211,255) #83BDD3FF srgba(131,189,211,1)
      7752: (156,180,184,255) #9CB4B8FF srgba(156,180,184,1)
      2718: (174,194, 93,255) #AEC25DFF srgba(174,194,93,1)
     58603: (190,211, 49,255) #BED331FF srgba(190,211,49,1)
    148961: (204,226,236,255) #CCE2ECFF srgba(204,226,236,1)
