     42137: ( 92, 81, 78,255) #5C514EFF srgba(92,81,78,1)
    189511: ( 97, 55, 51,255) #613733FF srgba(97,55,51,1)
     73622: (154, 53, 51,255) #9A3533FF srgba(154,53,51,1)
       768: (174, 75, 74,255) #AE4B4AFF srgba(174,75,74,1)
      5996: (208, 59, 60,255) #D03B3CFF srgba(208,59,60,1)
       236: (222,127,128,255) #DE7F80FF srgba(222,127,128,1)
       936: (231,160,161,255) #E7A0A1FF srgba(231,160,161,1)
   1724049: (232, 63, 66,255) #E83F42FF srgba(232,63,66,1)
      1225: (234, 85, 88,255) #EA5558FF srgba(234,85,88,1)
     35120: (252,251,251,255) #FCFBFBFF srgba(252,251,251,1)
