     58388: ( 51, 77, 59,255) #334D3BFF srgba(51,77,59,1)
     14309: ( 66,100, 83,255) #426453FF srgba(66,100,83,1)
      3553: ( 91,139,117,255) #5B8B75FF srgba(91,139,117,1)
     79864: (106,168,159,255) #6AA89FFF srgba(106,168,159,1)
     15617: (119,192,152,255) #77C098FF srgba(119,192,152,1)
   1782282: (143,169,164,255) #8FA9A4FF srgba(143,169,164,1)
     73219: (168,211,185,255) #A8D3B9FF srgba(168,211,185,1)
      3937: (182,206,198,255) #B6CEC6FF srgba(182,206,198,1)
      6627: (221,211,141,255) #DDD38DFF srgba(221,211,141,1)
     35804: (233,238,237,255) #E9EEEDFF srgba(233,238,237,1)
