      2904: (  0,185,251,255) #00B9FBFF srgba(0,185,251,1)
   1691448: ( 29, 32,136,255) #1D2088FF srgba(29,32,136,1)
      1745: ( 87, 92,147,255) #575C93FF srgba(87,92,147,1)
       747: ( 89, 79, 93,255) #594F5DFF srgba(89,79,93,1)
      2078: (165,161,155,255) #A5A19BFF srgba(165,161,155,1)
       145: (174,144, 34,255) #AE9022FF srgba(174,144,34,1)
      5957: (207,202,228,255) #CFCAE4FF srgba(207,202,228,1)
      3946: (222,182,  1,255) #DEB601FF srgba(222,182,1,1)
      2328: (228, 80,151,255) #E45097FF srgba(228,80,151,1)
    362302: (255,247,152,255) #FFF798FF srgba(255,247,152,1)
