    354697: ( 25,152,212,255) #1998D4FF srgba(25,152,212,1)
     95527: ( 32, 38, 51,255) #202633FF srgba(32,38,51,1)
    194373: ( 33,129,189,255) #2181BDFF srgba(33,129,189,1)
    247767: ( 37, 96,163,255) #2560A3FF srgba(37,96,163,1)
    440909: ( 48, 58,129,255) #303A81FF srgba(48,58,129,1)
    111807: ( 68, 62,132,255) #443E84FF srgba(68,62,132,1)
    204507: (100, 70,137,255) #644689FF srgba(100,70,137,1)
    245092: (159, 84,147,255) #9F5493FF srgba(159,84,147,1)
    143745: (200, 94,154,255) #C85E9AFF srgba(200,94,154,1)
     35176: (233,232,130,255) #E9E882FF srgba(233,232,130,1)
