   1128592: (254,254,247,255) #FEFEF7FF srgba(254,254,247,0.999911)
    922945: ( 48, 43, 39,255) #302B27FF srgba(48,43,39,1)
     19125: (246,234,138,255) #F6EA8AFF srgba(246,234,138,1)
      1435: (151,107, 66,255) #976B42FF srgba(151,107,66,1)
       621: (167,161,153,255) #A7A199FF srgba(167,161,153,1)
       264: ( 98, 94, 85,255) #625E55FF srgba(98,94,85,1)
       185: (142,101, 62,255) #8E653EFF srgba(142,101,62,1)
       174: (178,157,109,255) #B29D6DFF srgba(178,157,109,1)
       156: ( 76, 69, 56,255) #4C4538FF srgba(76,69,56,1)
       103: (249,245,237,170) #F9F5EDAA srgba(249,245,237,0.665252)
