      1781: (127, 81, 41,253) #7F5129FD srgba(127,81,41,0.991176)
     68577: (133, 87, 45,255) #85572DFF srgba(133,87,45,1)
       567: (178,140, 85,255) #B28C55FF srgba(178,140,85,1)
        67: (194,113, 67,255) #C27143FF srgba(194,113,67,1)
    158073: (217,112, 72,255) #D97048FF srgba(217,112,72,1)
      1231: (222,158,101,255) #DE9E65FF srgba(222,158,101,1)
     49286: (223,192,156,255) #DFC09CFF srgba(223,192,156,1)
   1628196: (224,231,238,255) #E0E7EEFF srgba(224,231,238,0.999996)
      1096: (225,232,239,127) #E1E8EF7F srgba(225,232,239,0.498039)
    164726: (246,211,123,255) #F6D37BFF srgba(246,211,123,1)
