     10486: ( 35, 78, 88,255) #234E58FF srgba(35,78,88,1)
      3264: ( 49, 54, 63,255) #31363FFF srgba(49,54,63,1)
     87942: ( 51, 56, 66,255) #333842FF srgba(51,56,66,1)
    137496: ( 63,145,174,255) #3F91AEFF srgba(63,145,174,1)
      1210: ( 69,119,128,255) #457780FF srgba(69,119,128,1)
   1697735: ( 70, 74, 82,255) #464A52FF srgba(70,74,82,1)
      1078: ( 87,152,166,255) #5798A6FF srgba(87,152,166,1)
      9377: (180,221,230,255) #B4DDE6FF srgba(180,221,230,1)
      4447: (187,164, 91,255) #BBA45BFF srgba(187,164,91,1)
    120565: (246,208, 96,255) #F6D060FF srgba(246,208,96,1)
