   1749927: ( 95, 50,135,255) #5F3287FF srgba(95,50,135,1)
    209196: (249,252,254,255) #F9FCFEFF srgba(249,252,254,1)
     50311: (244,234,144,255) #F4EA90FF srgba(244,234,144,1)
     34695: (155,212,238,255) #9BD4EEFF srgba(155,212,238,1)
     19096: ( 57, 53,126,255) #39357EFF srgba(57,53,126,1)
      3755: (177,161,190,255) #B1A1BEFF srgba(177,161,190,1)
      2974: (112, 79,149,255) #704F95FF srgba(112,79,149,1)
      2546: (141,109,163,255) #8D6DA3FF srgba(141,109,163,1)
       637: ( 61, 57,129,255) #3D3981FF srgba(61,57,129,1)
       463: (125,131,187,255) #7D83BBFF srgba(125,131,187,1)
