   1715301: (112,114,119,255) #707277FF srgba(112,114,119,1)
     22750: (127,128,122,255) #7F807AFF srgba(127,128,122,1)
    251682: (138,136,125,255) #8A887DFF srgba(138,136,125,1)
     55448: (152, 94, 83,255) #985E53FF srgba(152,94,83,1)
        97: (169,165,133,255) #A9A585FF srgba(169,165,133,1)
     20095: (184, 75, 52,255) #B84B34FF srgba(184,75,52,1)
       166: (195,112, 76,255) #C3704CFF srgba(195,112,76,1)
       127: (208,188,134,255) #D0BC86FF srgba(208,188,134,1)
        88: (209,158,108,255) #D19E6CFF srgba(209,158,108,1)
      7846: (230,220,150,255) #E6DC96FF srgba(230,220,150,1)
