      3494: ( 62, 59, 57,255) #3E3B39FF srgba(62,59,57,1)
       227: ( 66, 63, 60,255) #423F3CFF srgba(66,63,60,1)
       153: ( 93, 90, 87,255) #5D5A57FF srgba(93,90,87,1)
       189: (130,127,123,255) #827F7BFF srgba(130,127,123,1)
        75: (162,159,152,255) #A29F98FF srgba(162,159,152,1)
     32633: (186,172,203,255) #BAACCBFF srgba(186,172,203,1)
      2833: (194,191,184,255) #C2BFB8FF srgba(194,191,184,1)
     47769: (196,152,192,255) #C498C0FF srgba(196,152,192,1)
      5961: (215,229,178,255) #D7E5B2FF srgba(215,229,178,1)
   1980266: (254,250,241,255) #FEFAF1FF srgba(254,250,241,1)
