   1920949: ( 50,161,228,255) #32A1E4FF srgba(50,161,228,1)
     71494: (223,244,248,255) #DFF4F8FF srgba(223,244,248,1)
     21342: (236,139,139,255) #EC8B8BFF srgba(236,139,139,1)
     21058: (223,161, 67,255) #DFA143FF srgba(223,161,67,1)
     19081: ( 11,118,187,255) #0B76BBFF srgba(11,118,187,1)
     16832: ( 74, 74, 74,255) #4A4A4AFF srgba(74,74,74,1)
      1323: ( 92,169,215,255) #5CA9D7FF srgba(92,169,215,1)
       703: ( 22,124,189,255) #167CBDFF srgba(22,124,189,1)
       419: (158,182,191,255) #9EB6BFFF srgba(158,182,191,1)
       399: (169,114,114,255) #A97272FF srgba(169,114,114,1)
