   1924713: ( 93, 91, 85,255) #5D5B55FF srgba(93,91,85,1)
     65908: (247,248,240,255) #F7F8F0FF srgba(247,248,240,1)
     58207: (219,230,137,255) #DBE689FF srgba(219,230,137,1)
     15810: ( 62,170,121,255) #3EAA79FF srgba(62,170,121,1)
      3622: (227,151, 74,255) #E3974AFF srgba(227,151,74,1)
      1992: (162,162,155,255) #A2A29BFF srgba(162,162,155,1)
      1207: ( 71,150,111,255) #47966FFF srgba(71,150,111,1)
      1131: (166,168,115,255) #A6A873FF srgba(166,168,115,1)
       655: (168,207,184,255) #A8CFB8FF srgba(168,207,184,1)
       355: (118,152,123,255) #76987BFF srgba(118,152,123,1)
