   1874385: (255,213, 75,255) #FFD54BFF srgba(255,213,75,1)
    130838: (255,239,188,255) #FFEFBCFF srgba(255,239,188,1)
     28427: (255,254,252,255) #FFFEFCFF srgba(255,254,252,1)
     22976: (226,184, 63,255) #E2B83FFF srgba(226,184,63,1)
     14307: (123,123,123,255) #7B7B7BFF srgba(123,123,123,1)
       928: (123,123,130,255) #7B7B82FF srgba(123,123,130,1)
       718: (225,187, 71,255) #E1BB47FF srgba(225,187,71,1)
       425: (173,157,102,255) #AD9D66FF srgba(173,157,102,1)
       425: (128,124,123,255) #807C7BFF srgba(128,124,123,1)
       171: (173,168,154,255) #ADA89AFF srgba(173,168,154,1)
