     16704: ( 63, 61, 60,255) #3F3D3CFF srgba(63,61,60,1)
     11074: ( 65, 63, 62,255) #413F3EFF srgba(65,63,62,1)
   1959285: ( 89, 86, 87,255) #595657FF srgba(89,86,87,1)
     35437: (123,116,139,255) #7B748BFF srgba(123,116,139,1)
       212: (131,124,152,255) #837C98FF srgba(131,124,152,1)
       112: (148,139,178,255) #948BB2FF srgba(148,139,178,1)
      4179: (160, 63,111,255) #A03F6FFF srgba(160,63,111,1)
      2934: (162,151,198,255) #A297C6FF srgba(162,151,198,1)
      2710: (211, 49,124,255) #D3317CFF srgba(211,49,124,1)
     40953: (230, 47,130,255) #E62F82FF srgba(230,47,130,1)
