   1933468: (224,228,235,255) #E0E4EBFF srgba(224,228,235,1)
     95661: (189,194,198,255) #BDC2C6FF srgba(189,194,198,1)
     29872: (173,178,181,255) #ADB2B5FF srgba(173,178,181,1)
      6820: (221, 82, 89,255) #DD5259FF srgba(221,82,89,1)
      5770: ( 71, 66, 60,255) #47423CFF srgba(71,66,60,1)
       990: (185,189,194,255) #B9BDC2FF srgba(185,189,194,1)
       486: ( 95, 90, 86,255) #5F5A56FF srgba(95,90,86,1)
       265: (219,160,167,255) #DBA0A7FF srgba(219,160,167,1)
       176: (208,124,130,255) #D07C82FF srgba(208,124,130,1)
        92: (162, 77, 79,255) #A24D4FFF srgba(162,77,79,1)
