   1938268: (255,255,255,255) #FFFFFFFF srgba(255,255,255,1)
     63647: (250,226, 84,255) #FAE254FF srgba(250,226,84,1)
     29188: (234, 87, 36,255) #EA5724FF srgba(234,87,36,1)
     28761: (194,190,185,255) #C2BEB9FF srgba(194,190,185,1)
      8481: (  1, 88,158,255) #01589EFF srgba(1,88,158,1)
      3373: (224,215,174,255) #E0D7AEFF srgba(224,215,174,1)
       931: (237,117, 75,255) #ED754BFF srgba(237,117,75,1)
       454: (232,148, 96,255) #E89460FF srgba(232,148,96,1)
       306: ( 99,146,161,255) #6392A1FF srgba(99,146,161,1)
       191: ( 69,124,136,255) #457C88FF srgba(69,124,136,1)
