     25867: ( 63, 58, 56,255) #3F3A38FF srgba(63,58,56,1)
   1597657: ( 85, 79, 77,255) #554F4DFF srgba(85,79,77,1)
     11966: (111,155,190,255) #6F9BBEFF srgba(111,155,190,1)
      1190: (167, 91, 63,255) #A75B3FFF srgba(167,91,63,1)
     14528: (174,173,172,255) #AEADACFF srgba(174,173,172,1)
     97361: (199, 82, 48,255) #C75230FF srgba(199,82,48,1)
       815: (202,180,109,255) #CAB46DFF srgba(202,180,109,1)
     86430: (234,162, 77,255) #EAA24DFF srgba(234,162,77,1)
     67874: (241,224,133,255) #F1E085FF srgba(241,224,133,1)
    169912: (251,252,247,255) #FBFCF7FF srgba(251,252,247,1)
