   1881976: (250,252,253,255) #FAFCFDFF srgba(250,252,253,1)
     98171: (172,190,207,255) #ACBECFFF srgba(172,190,207,1)
     64481: ( 61,110,181,255) #3D6EB5FF srgba(61,110,181,1)
     17011: ( 83,177,219,255) #53B1DBFF srgba(83,177,219,1)
     10523: ( 85, 56, 62,255) #55383EFF srgba(85,56,62,1)
       496: ( 72,119,185,255) #4877B9FF srgba(72,119,185,1)
       353: ( 98,154,205,255) #629ACDFF srgba(98,154,205,1)
       299: (148,175,215,255) #94AFD7FF srgba(148,175,215,1)
       162: (134,114,119,255) #867277FF srgba(134,114,119,1)
       128: (102, 76, 81,255) #664C51FF srgba(102,76,81,1)
