   1971754: ( 79, 82, 78,255) #4F524EFF srgba(79,82,78,1)
     56833: (124,126,139,255) #7C7E8BFF srgba(124,126,139,1)
     26799: (251,247,250,255) #FBF7FAFF srgba(251,247,250,1)
     11422: ( 58, 57, 52,255) #3A3934FF srgba(58,57,52,1)
      3221: ( 63, 64, 59,255) #3F403BFF srgba(63,64,59,1)
      2251: ( 65, 66, 61,255) #41423DFF srgba(65,66,61,1)
       578: (159,159,158,255) #9F9F9EFF srgba(159,159,158,1)
       548: (192,191,191,255) #C0BFBFFF srgba(192,191,191,1)
       164: (128,128,126,255) #80807EFF srgba(128,128,126,1)
        30: ( 64, 63, 59,255) #403F3BFF srgba(64,63,59,1)
