    207339: ( 28, 31, 32,255) #1C1F20FF srgba(28,31,32,1)
      2487: ( 60, 65, 71,255) #3C4147FF srgba(60,65,71,1)
      4828: ( 74, 59, 69,255) #4A3B45FF srgba(74,59,69,1)
      2210: ( 89, 85, 93,255) #59555DFF srgba(89,85,93,1)
      2692: (116,149,166,255) #7495A6FF srgba(116,149,166,1)
      1693: (129,113,131,255) #817183FF srgba(129,113,131,1)
    149177: (137,194,222,255) #89C2DEFF srgba(137,194,222,1)
      1667: (154,169,183,255) #9AA9B7FF srgba(154,169,183,1)
   1695435: (203,224,240,255) #CBE0F0FF srgba(203,224,240,1)
      6072: (254,165,214,255) #FEA5D6FF srgba(254,165,214,1)
