     87611: ( 14, 15, 15,255) #0E0F0FFF srgba(14,15,15,1)
      1351: ( 79, 75, 52,255) #4F4B34FF srgba(79,75,52,1)
      2493: ( 92, 92, 90,255) #5C5C5AFF srgba(92,92,90,1)
       329: (131,124, 96,255) #837C60FF srgba(131,124,96,1)
       897: (166,161,153,255) #A6A199FF srgba(166,161,153,1)
       343: (176,155, 83,255) #B09B53FF srgba(176,155,83,1)
      1859: (192,192,184,255) #C0C0B8FF srgba(192,192,184,1)
      3351: (241,221,163,255) #F1DDA3FF srgba(241,221,163,1)
     42495: (242,208, 88,255) #F2D058FF srgba(242,208,88,1)
   1932871: (254,243,228,255) #FEF3E4FF srgba(254,243,228,1)
