     54810: ( 60, 51, 46,255) #3C332EFF srgba(60,51,46,1)
      1417: ( 81, 67, 61,255) #51433DFF srgba(81,67,61,1)
     15267: (113, 47, 78,255) #712F4EFF srgba(113,47,78,1)
   1816223: (159, 60,107,255) #9F3C6BFF srgba(159,60,107,1)
      3794: (162,107,142,255) #A26B8EFF srgba(162,107,142,1)
      1696: (166, 82,108,255) #A6526CFF srgba(166,82,108,1)
    129374: (176,197,216,255) #B0C5D8FF srgba(176,197,216,1)
      2394: (201,161, 88,255) #C9A158FF srgba(201,161,88,1)
      3818: (202,201,202,255) #CAC9CAFF srgba(202,201,202,1)
     44807: (253,235, 90,255) #FDEB5AFF srgba(253,235,90,1)
