   1827064: (189,220,232,255) #BDDCE8FF srgba(189,220,232,1)
     83135: ( 67, 64, 86,255) #434056FF srgba(67,64,86,1)
     81306: (252,244,147,255) #FCF493FF srgba(252,244,147,1)
     40293: (245,250,249,255) #F5FAF9FF srgba(245,250,249,1)
     33495: ( 66, 63, 85,255) #423F55FF srgba(66,63,85,1)
      3497: ( 51, 40, 98,255) #332862FF srgba(51,40,98,1)
      1850: (163,184,199,255) #A3B8C7FF srgba(163,184,199,1)
      1351: (109,116,137,255) #6D7489FF srgba(109,116,137,1)
      1021: (143,159,176,255) #8F9FB0FF srgba(143,159,176,1)
       588: (131,139,144,255) #838B90FF srgba(131,139,144,1)
