   1728208: ( 43, 43, 70,255) #2B2B46FF srgba(43,43,70,1)
    157791: (145,147,162,255) #9193A2FF srgba(145,147,162,1)
     57170: ( 37, 36, 56,255) #252438FF srgba(37,36,56,1)
     36169: ( 97, 97,114,255) #616172FF srgba(97,97,114,1)
     33790: ( 73, 42,154,255) #492A9AFF srgba(73,42,154,1)
     25618: (240,238,253,255) #F0EEFDFF srgba(240,238,253,1)
     16513: (127,128,147,255) #7F8093FF srgba(127,128,147,1)
      8364: ( 63, 64, 88,255) #3F4058FF srgba(63,64,88,1)
      6620: (181,179,202,255) #B5B3CAFF srgba(181,179,202,1)
      3357: (116,116,138,255) #74748AFF srgba(116,116,138,1)
