   1781780: (153,152,203,255) #9998CBFF srgba(153,152,203,1)
    169754: (184,223,224,255) #B8DFE0FF srgba(184,223,224,1)
    106485: (205,185,212,255) #CDB9D4FF srgba(205,185,212,1)
      7935: (242,175,182,255) #F2AFB6FF srgba(242,175,182,1)
      4793: (138,137,179,255) #8A89B3FF srgba(138,137,179,1)
      1524: ( 61, 58, 54,255) #3D3A36FF srgba(61,58,54,1)
      1165: (196,198,215,255) #C4C6D7FF srgba(196,198,215,1)
        82: ( 80, 78, 86,255) #504E56FF srgba(80,78,86,1)
        46: (117,115,145,255) #757391FF srgba(117,115,145,1)
        36: (128,127,164,255) #807FA4FF srgba(128,127,164,1)
