   1694927: (241,239,166,255) #F1EFA6FF srgba(241,239,166,1)
    361396: (237,226, 65,255) #EDE241FF srgba(237,226,65,1)
      6821: (233,222, 63,255) #E9DE3FFF srgba(233,222,63,1)
      5664: (224,157,163,255) #E09DA3FF srgba(224,157,163,1)
      3401: ( 61, 58, 54,255) #3D3A36FF srgba(61,58,54,1)
      1046: (130,126, 85,255) #827E55FF srgba(130,126,85,1)
       137: (185,182,131,255) #B9B683FF srgba(185,182,131,1)
        99: ( 91, 88, 72,255) #5B5848FF srgba(91,88,72,1)
        58: (159,155, 93,255) #9F9B5DFF srgba(159,155,93,1)
        51: ( 79, 76, 58,255) #4F4C3AFF srgba(79,76,58,1)
