      5581: ( 71, 66, 60,255) #47423CFF srgba(71,66,60,1)
     36887: (105,125, 95,255) #697D5FFF srgba(105,125,95,1)
      7744: (115,138,103,255) #738A67FF srgba(115,138,103,1)
      4366: (134,168,117,255) #86A875FF srgba(134,168,117,1)
     88691: (143,200,113,255) #8FC871FF srgba(143,200,113,1)
     40963: (170,178,175,255) #AAB2AFFF srgba(170,178,175,1)
     50421: (173,213,152,255) #ADD598FF srgba(173,213,152,1)
     52762: (191,208,188,255) #BFD0BCFF srgba(191,208,188,1)
      7371: (220, 82, 89,255) #DC5259FF srgba(220,82,89,1)
   1778814: (222,226,233,255) #DEE2E9FF srgba(222,226,233,1)
