   1791229: (222,226,234,255) #DEE2EAFF srgba(222,226,234,1)
     41318: ( 24, 42,252,255) #182AFCFF srgba(24,42,252,1)
     40176: (  3,217,223,255) #03D9DFFF srgba(3,217,223,1)
     36309: ( 22,255, 38,255) #16FF26FF srgba(22,255,38,1)
     34826: (170,174,176,255) #AAAEB0FF srgba(170,174,176,1)
     32513: (183,190,193,255) #B7BEC1FF srgba(183,190,193,1)
     30704: (245, 29, 63,255) #F51D3FFF srgba(245,29,63,1)
     25271: ( 62, 57, 59,255) #3E393BFF srgba(62,57,59,1)
     24023: (224,  3,216,255) #E003D8FF srgba(224,3,216,1)
     17231: (222,229,  5,255) #DEE505FF srgba(222,229,5,1)
