   1765234: (222,226,234,255) #DEE2EAFF srgba(222,226,234,1)
     91962: ( 33,185,237,255) #21B9EDFF srgba(33,185,237,1)
     56977: (164,219,241,255) #A4DBF1FF srgba(164,219,241,1)
     45146: ( 96,205,242,255) #60CDF2FF srgba(96,205,242,1)
     45044: ( 24,131,166,255) #1883A6FF srgba(24,131,166,1)
     34825: (172,178,181,255) #ACB2B5FF srgba(172,178,181,1)
     15169: (178,184,196,255) #B2B8C4FF srgba(178,184,196,1)
      7055: (220, 82, 89,255) #DC5259FF srgba(220,82,89,1)
      6319: ( 69,187,227,255) #45BBE3FF srgba(69,187,227,1)
      5869: ( 72, 73, 69,255) #484945FF srgba(72,73,69,1)
