   1760722: (223,226,233,255) #DFE2E9FF srgba(223,226,233,1)
     97440: (243,159, 91,255) #F39F5BFF srgba(243,159,91,1)
     42846: (241,201,170,255) #F1C9AAFF srgba(241,201,170,1)
     42252: (150, 91, 44,255) #965B2CFF srgba(150,91,44,1)
     39343: (239,184,140,255) #EFB88CFF srgba(239,184,140,1)
     37210: (181,186,197,255) #B5BAC5FF srgba(181,186,197,1)
     29278: (174,178,180,255) #AEB2B4FF srgba(174,178,180,1)
     12624: (204, 94, 83,255) #CC5E53FF srgba(204,94,83,1)
      6024: (184,137,100,255) #B88964FF srgba(184,137,100,1)
      5861: ( 79, 71, 63,255) #4F473FFF srgba(79,71,63,1)
