   1864752: (225,226,233,255) #E1E2E9FF srgba(225,226,233,1)
    118288: (180,185,197,255) #B4B9C5FF srgba(180,185,197,1)
     48620: (207,189,193,255) #CFBDC1FF srgba(207,189,193,1)
     28582: (173,178,181,255) #ADB2B5FF srgba(173,178,181,1)
      6765: (221, 82, 89,255) #DD5259FF srgba(221,82,89,1)
      4783: ( 71, 66, 60,255) #47423CFF srgba(71,66,60,1)
      1015: ( 97, 89, 85,255) #615955FF srgba(97,89,85,1)
       315: (143,106,106,255) #8F6A6AFF srgba(143,106,106,1)
       284: (202,176,184,255) #CAB0B8FF srgba(202,176,184,1)
       196: (199,125,130,255) #C77D82FF srgba(199,125,130,1)
