     86010: ( 18, 18, 18,255) #121212FF srgba(18,18,18,1)
     31953: ( 65, 62, 60,255) #413E3CFF srgba(65,62,60,1)
      8147: ( 71, 66, 60,255) #47423CFF srgba(71,66,60,1)
     64734: ( 94, 91, 91,255) #5E5B5BFF srgba(94,91,91,1)
     25068: (128,127,130,255) #807F82FF srgba(128,127,130,1)
     43349: (164,167,170,255) #A4A7AAFF srgba(164,167,170,1)
     29577: (182,186,196,255) #B6BAC4FF srgba(182,186,196,1)
     27447: (192,190,197,255) #C0BEC5FF srgba(192,190,197,1)
      7761: (219, 82, 89,255) #DB5259FF srgba(219,82,89,1)
   1749554: (222,226,234,255) #DEE2EAFF srgba(222,226,234,1)
