     42075: ( 45, 39, 77,255) #2D274DFF srgba(45,39,77,1)
      8753: ( 75, 69, 86,255) #4B4556FF srgba(75,69,86,1)
    101438: (103, 92,165,255) #675CA5FF srgba(103,92,165,1)
      1155: (128,129,127,255) #80817FFF srgba(128,129,127,1)
     34827: (132,123,181,255) #847BB5FF srgba(132,123,181,1)
     28553: (163,165,182,255) #A3A5B6FF srgba(163,165,182,1)
     41707: (172,169,203,255) #ACA9CBFF srgba(172,169,203,1)
     27552: (196,186,210,255) #C4BAD2FF srgba(196,186,210,1)
      8629: (220, 82, 89,255) #DC5259FF srgba(220,82,89,1)
   1778911: (222,225,234,255) #DEE1EAFF srgba(222,225,234,1)
