     46394: ( 11,109,133,255) #0B6D85FF srgba(11,109,133,1)
     51550: ( 39,176,211,255) #27B0D3FF srgba(39,176,211,1)
      5334: ( 59,148,171,255) #3B94ABFF srgba(59,148,171,1)
     20048: ( 80,187,214,255) #50BBD6FF srgba(80,187,214,1)
     53612: (105,200,224,255) #69C8E0FF srgba(105,200,224,1)
      9670: (150, 77, 79,255) #964D4FFF srgba(150,77,79,1)
     64864: (162,215,231,255) #A2D7E7FF srgba(162,215,231,1)
     32434: (171,178,181,255) #ABB2B5FF srgba(171,178,181,1)
     17071: (180,184,196,255) #B4B8C4FF srgba(180,184,196,1)
   1772623: (222,226,234,255) #DEE2EAFF srgba(222,226,234,1)
