   1759209: (222,226,233,255) #DEE2E9FF srgba(222,226,233,1)
     74900: (207,114,  7,255) #CF7207FF srgba(207,114,7,1)
     48957: (173,177,179,255) #ADB1B3FF srgba(173,177,179,1)
     44089: (139, 93, 37,255) #8B5D25FF srgba(139,93,37,1)
     41818: (228,202,173,255) #E4CAADFF srgba(228,202,173,1)
     39459: (222,163, 94,255) #DEA35EFF srgba(222,163,94,1)
     36040: (210,137, 52,255) #D28934FF srgba(210,137,52,1)
     14345: (208,185,161,255) #D0B9A1FF srgba(208,185,161,1)
      7432: ( 78, 70, 60,255) #4E463CFF srgba(78,70,60,1)
      7351: (208, 90, 85,255) #D05A55FF srgba(208,90,85,1)
