     23284: ( 77, 72, 66,255) #4D4842FF srgba(77,72,66,1)
    173761: (148,139,117,255) #948B75FF srgba(148,139,117,1)
     93747: (173,175,173,255) #ADAFADFF srgba(173,175,173,1)
     87542: (180,185,197,255) #B4B9C5FF srgba(180,185,197,1)
     24294: (192,193,201,255) #C0C1C9FF srgba(192,193,201,1)
    339453: (198,189,169,255) #C6BDA9FF srgba(198,189,169,1)
    284379: (205,198,180,255) #CDC6B4FF srgba(205,198,180,1)
      1642: (212,124,131,255) #D47C83FF srgba(212,124,131,1)
     26960: (220, 82, 89,255) #DC5259FF srgba(220,82,89,1)
   7239338: (222,226,233,255) #DEE2E9FF srgba(222,226,233,1)
