   1749160: (222,226,234,255) #DEE2EAFF srgba(222,226,234,1)
     90133: (230,  9, 40,255) #E60928FF srgba(230,9,40,1)
     44625: (173,176,179,255) #ADB0B3FF srgba(173,176,179,1)
     44264: (156,  4, 25,255) #9C0419FF srgba(156,4,25,1)
     38141: (234, 49, 76,255) #EA314CFF srgba(234,49,76,1)
     36316: (232,158,172,255) #E89EACFF srgba(232,158,172,1)
     30049: (230, 82,100,255) #E65264FF srgba(230,82,100,1)
     28619: (209,185,197,255) #D1B9C5FF srgba(209,185,197,1)
      6997: (151, 91, 97,255) #975B61FF srgba(151,91,97,1)
      5296: (182, 60, 79,255) #B63C4FFF srgba(182,60,79,1)
