      5750: ( 78, 70, 65,255) #4E4641FF srgba(78,70,65,1)
       317: (128,129,127,255) #80817FFF srgba(128,129,127,1)
     29439: (174,177,181,255) #AEB1B5FF srgba(174,177,181,1)
     43072: (181,186,197,255) #B5BAC5FF srgba(181,186,197,1)
     38513: (186,110,144,255) #BA6E90FF srgba(186,110,144,1)
      9505: (200,121,156,255) #C8799CFF srgba(200,121,156,1)
      6890: (218, 82, 89,255) #DA5259FF srgba(218,82,89,1)
   1777882: (223,225,234,255) #DFE1EAFF srgba(223,225,234,1)
     86535: (236,139,182,255) #EC8BB6FF srgba(236,139,182,1)
     75697: (241,172,203,255) #F1ACCBFF srgba(241,172,203,1)
