      4763: ( 71, 66, 60,255) #47423CFF srgba(71,66,60,1)
      1097: ( 94, 93, 89,255) #5E5D59FF srgba(94,93,89,1)
       281: (155,128,130,255) #9B8082FF srgba(155,128,130,1)
        67: (163, 79, 81,255) #A34F51FF srgba(163,79,81,1)
     52477: (172,207,216,255) #ACCFD8FF srgba(172,207,216,1)
     28470: (173,178,181,255) #ADB2B5FF srgba(173,178,181,1)
     22469: (180,185,197,255) #B4B9C5FF srgba(180,185,197,1)
     47887: (219,159,166,255) #DB9FA6FF srgba(219,159,166,1)
      6801: (221, 82, 89,255) #DD5259FF srgba(221,82,89,1)
   1909288: (222,228,236,255) #DEE4ECFF srgba(222,228,236,1)
