   1763067: (222,226,234,255) #DEE2EAFF srgba(222,226,234,1)
     76694: (  3,119,194,255) #0377C2FF srgba(3,119,194,1)
     49067: (171,204,228,255) #ABCCE4FF srgba(171,204,228,1)
     44193: (165,181,193,255) #A5B5C1FF srgba(165,181,193,1)
     42348: ( 95,167,214,255) #5FA7D6FF srgba(95,167,214,1)
     42066: ( 41,113,160,255) #2971A0FF srgba(41,113,160,1)
     33357: ( 40,139,203,255) #288BCBFF srgba(40,139,203,1)
     15210: (150, 76, 79,255) #964C4FFF srgba(150,76,79,1)
      3848: ( 78,140,181,255) #4E8CB5FF srgba(78,140,181,1)
      3750: ( 73,126,162,255) #497EA2FF srgba(73,126,162,1)
