      5746: ( 75, 71, 67,255) #4B4743FF srgba(75,71,67,1)
     39902: (103,117,136,255) #677588FF srgba(103,117,136,1)
     18173: (120,135,156,255) #78879CFF srgba(120,135,156,1)
     87818: (150,172,202,255) #96ACCAFF srgba(150,172,202,1)
     35110: (167,174,180,255) #A7AEB4FF srgba(167,174,180,1)
     73199: (183,198,219,255) #B7C6DBFF srgba(183,198,219,1)
       210: (206,124,131,255) #CE7C83FF srgba(206,124,131,1)
      3408: (219,159,166,255) #DB9FA6FF srgba(219,159,166,1)
      6748: (220, 82, 89,255) #DC5259FF srgba(220,82,89,1)
   1803286: (221,226,234,255) #DDE2EAFF srgba(221,226,234,1)
