   1786997: (222,225,234,255) #DEE1EAFF srgba(222,225,234,1)
     81812: (184,121,165,255) #B879A5FF srgba(184,121,165,1)
     50470: (211,175,201,255) #D3AFC9FF srgba(211,175,201,1)
     45987: (198,144,181,255) #C690B5FF srgba(198,144,181,1)
     41889: (118, 67,102,255) #764366FF srgba(118,67,102,1)
     28772: (181,186,197,255) #B5BAC5FF srgba(181,186,197,1)
     24372: (178,163,178,255) #B2A3B2FF srgba(178,163,178,1)
      6988: (188, 83,100,255) #BC5364FF srgba(188,83,100,1)
      5805: ( 71, 66, 60,255) #47423CFF srgba(71,66,60,1)
       508: (215,124,131,255) #D77C83FF srgba(215,124,131,1)
