      5901: ( 78, 73, 62,255) #4E493EFF srgba(78,73,62,1)
     30992: (173,178,180,255) #ADB2B4FF srgba(173,178,180,1)
     34597: (182,185,195,255) #B6B9C3FF srgba(182,185,195,1)
     30545: (191,186, 63,255) #BFBA3FFF srgba(191,186,63,1)
     15296: (194,189, 66,255) #C2BD42FF srgba(194,189,66,1)
       314: (213,124,131,255) #D57C83FF srgba(213,124,131,1)
      6735: (219, 82, 89,255) #DB5259FF srgba(219,82,89,1)
   1763049: (222,226,233,255) #DEE2E9FF srgba(222,226,233,1)
     79459: (243,241,160,255) #F3F1A0FF srgba(243,241,160,1)
    106712: (244,238, 85,255) #F4EE55FF srgba(244,238,85,1)
