   1759023: (222,226,234,255) #DEE2EAFF srgba(222,226,234,1)
     84445: ( 17,159, 80,255) #119F50FF srgba(17,159,80,1)
     46138: (  6, 96, 46,255) #06602EFF srgba(6,96,46,1)
     40147: (180,209,200,255) #B4D1C8FF srgba(180,209,200,1)
     38133: (171,178,180,255) #ABB2B4FF srgba(171,178,180,1)
     35981: ( 71,176,118,255) #47B076FF srgba(71,176,118,1)
     27840: (103,191,143,255) #67BF8FFF srgba(103,191,143,1)
     26024: (149,207,178,255) #95CFB2FF srgba(149,207,178,1)
      8229: ( 60, 85, 66,255) #3C5542FF srgba(60,85,66,1)
      7640: (220, 82, 89,255) #DC5259FF srgba(220,82,89,1)
