      2193: ( 44, 52, 95,255) #2C345FFF srgba(44,52,95,1)
    198831: ( 53, 49, 48,255) #353130FF srgba(53,49,48,1)
      3672: ( 94, 91, 90,255) #5E5B5AFF srgba(94,91,90,1)
      1081: (145,125,115,255) #917D73FF srgba(145,125,115,1)
      2784: (161,160,159,255) #A1A09FFF srgba(161,160,159,1)
       519: (188,164,114,255) #BCA472FF srgba(188,164,114,1)
     13843: (198,189,147,255) #C6BD93FF srgba(198,189,147,1)
      6146: (234, 80, 25,255) #EA5019FF srgba(234,80,25,1)
     37982: (248,240,139,255) #F8F08BFF srgba(248,240,139,1)
   1806549: (255,255,255,255) #FFFFFFFF srgba(255,255,255,1)
