   1882181: (207, 82, 77,255) #CF524DFF srgba(207,82,77,1)
    100450: ( 72, 73, 69,255) #484945FF srgba(72,73,69,1)
     54231: (185,171, 56,255) #B9AB38FF srgba(185,171,56,1)
     15622: (253,253,250,255) #FDFDFAFF srgba(253,253,250,1)
     12321: (157, 63, 69,255) #9D3F45FF srgba(157,63,69,1)
      5710: (126,129,125,255) #7E817DFF srgba(126,129,125,1)
      1327: ( 90, 91, 62,255) #5A5B3EFF srgba(90,91,62,1)
       905: (179,162,159,255) #B3A29FFF srgba(179,162,159,1)
       638: (183,134, 69,255) #B78645FF srgba(183,134,69,1)
       215: (165, 78, 74,255) #A54E4AFF srgba(165,78,74,1)
