     54859: ( 72, 73, 68,255) #484944FF srgba(72,73,68,1)
     75869: ( 72, 74, 63,255) #484A3FFF srgba(72,74,63,1)
     11452: (126,128,105,255) #7E8069FF srgba(126,128,105,1)
      6727: (161,156, 74,255) #A19C4AFF srgba(161,156,74,1)
      1469: (183,174,161,255) #B7AEA1FF srgba(183,174,161,1)
      1395: (199,120, 66,255) #C77842FF srgba(199,120,66,1)
      2408: (219,180, 73,255) #DBB449FF srgba(219,180,73,1)
   1828912: (238,230, 77,255) #EEE64DFF srgba(238,230,77,1)
     20705: (238,235,224,255) #EEEBE0FF srgba(238,235,224,1)
     69804: (239,129, 55,255) #EF8137FF srgba(239,129,55,1)
