    118078: ( 38, 54, 75,255) #26364BFF srgba(38,54,75,1)
     36582: ( 48, 79,114,255) #304F72FF srgba(48,79,114,1)
      5554: ( 58, 93,140,255) #3A5D8CFF srgba(58,93,140,1)
      3295: ( 78,127,192,255) #4E7FC0FF srgba(78,127,192,1)
   1864005: ( 78,116,183,255) #4E74B7FF srgba(78,116,183,1)
       388: ( 79, 93,111,255) #4F5D6FFF srgba(79,93,111,1)
       686: ( 87,155,203,255) #579BCBFF srgba(87,155,203,1)
      9136: ( 88,206,252,255) #58CEFCFF srgba(88,206,252,1)
      1457: (161,181,210,255) #A1B5D2FF srgba(161,181,210,1)
     34419: (251,253,255,255) #FBFDFFFF srgba(251,253,255,1)
