    354330: ( 41,127,135,255) #297F87FF srgba(41,127,135,1)
       534: ( 57,119,124,255) #39777CFF srgba(57,119,124,1)
      2010: ( 66,122,128,255) #427A80FF srgba(66,122,128,1)
       354: ( 73,142,132,255) #498E84FF srgba(73,142,132,1)
   1558926: (115,116,119,255) #737477FF srgba(115,116,119,1)
      1661: (151, 94, 81,255) #975E51FF srgba(151,94,81,1)
      1671: (157,157,120,255) #9D9D78FF srgba(157,157,120,1)
     38980: (177, 74, 54,255) #B14A36FF srgba(177,74,54,1)
       350: (197,176,109,255) #C5B06DFF srgba(197,176,109,1)
    114784: (222,214,122,255) #DED67AFF srgba(222,214,122,1)
