   1982180: ( 57, 52, 49,255) #393431FF srgba(57,52,49,1)
     44877: ( 91, 87, 84,255) #5B5754FF srgba(91,87,84,1)
     17306: (147,196, 27,255) #93C41BFF srgba(147,196,27,1)
     15147: (252,252,252,255) #FCFCFCFF srgba(252,252,252,1)
     12649: ( 79, 87, 43,255) #4F572BFF srgba(79,87,43,1)
       554: (136,180, 27,255) #88B41BFF srgba(136,180,27,1)
       356: (163,161,159,255) #A3A19FFF srgba(163,161,159,1)
       307: (116,147, 32,255) #749320FF srgba(116,147,32,1)
       115: (129,126,124,255) #817E7CFF srgba(129,126,124,1)
       109: (131,128,126,255) #83807EFF srgba(131,128,126,1)
