   1893777: ( 58, 53, 50,255) #3A3532FF srgba(58,53,50,1)
     28062: ( 82, 77, 61,255) #524D3DFF srgba(82,77,61,1)
     26336: ( 93, 93,165,255) #5D5DA5FF srgba(93,93,165,1)
      1344: (103,146, 62,255) #67923EFF srgba(103,146,62,1)
     61955: (147,196, 27,255) #93C41BFF srgba(147,196,27,1)
       577: (161,177, 41,255) #A1B129FF srgba(161,177,41,1)
      1190: (173,176,164,255) #ADB0A4FF srgba(173,176,164,1)
      1257: (174, 45, 61,255) #AE2D3DFF srgba(174,45,61,1)
     30268: (191, 42, 64,255) #BF2A40FF srgba(191,42,64,1)
     28834: (252,252,252,255) #FCFCFCFF srgba(252,252,252,1)
