   1939339: ( 58, 53, 50,255) #3A3532FF srgba(58,53,50,1)
    115749: (147,196, 27,255) #93C41BFF srgba(147,196,27,1)
      5038: ( 87, 83, 78,255) #57534EFF srgba(87,83,78,1)
      4298: (251,251,251,255) #FBFBFBFF srgba(251,251,251,1)
      3142: (227, 82,106,255) #E3526AFF srgba(227,82,106,1)
      2674: ( 81, 91, 42,255) #515B2AFF srgba(81,91,42,1)
      1633: (139,180, 28,255) #8BB41CFF srgba(139,180,28,1)
      1447: (116,148, 32,255) #749420FF srgba(116,148,32,1)
       172: (165,163,162,255) #A5A3A2FF srgba(165,163,162,1)
       108: (130,127,125,255) #827F7DFF srgba(130,127,125,1)
